1620030810 0 46.335721 3.428525 10.0
1620030810 0 46.335719 3.428511 10.4
1620030810 0 46.335717 3.428497 10.73
1620030810 0 46.335715 3.428483 10.94
1620030810 0 46.335713 3.428469 11.0
1620030810 0 46.335711 3.428455 10.9
1620030810 0 46.335707 3.428442 10.65
1620030810 0 46.3357 3.428432 10.29
1620030810 0 46.335697 3.428418 9.89
1620030810 0 46.335698 3.428404 9.51
1620030810 0 46.335703 3.428392 9.2
1620030810 0 46.335711 3.428385 9.03
1620030810 0 46.335721 3.428384 9.01
1620030810 0 46.33573 3.428389 9.16
1620030810 0 46.335737 3.428399 9.44
1620030810 0 46.33574 3.428413 9.81
1620030810 0 46.335738 3.428427 10.21
1620030810 0 46.335736 3.428441 10.58
1620030810 0 46.335738 3.428454 10.86
1620030810 0 46.33574 3.428468 10.99
1620030810 0 46.335742 3.428482 10.96
1620030810 0 46.335744 3.428496 10.78
1620030810 0 46.335745 3.42851 10.47
1620030810 0 46.335743 3.428524 10.08
1620030810 0 46.335742 3.428538 9.68
1620030810 0 46.335745 3.428551 9.33
1620030810 0 46.335752 3.428561 9.09
1620030810 0 46.335761 3.428566 9.0
1620030810 0 46.335771 3.428564 9.07
1620030810 0 46.335779 3.428556 9.29
1620030810 0 46.335784 3.428544 9.63
1620030810 0 46.335784 3.42853 10.02
1620030810 0 46.33578 3.428517 10.42
1620030810 0 46.335774 3.428506 10.74
1620030810 0 46.33577 3.428493 10.95
1620030810 0 46.335768 3.42848 11.0
1620030810 0 46.335766 3.428466 10.88
1620030810 0 46.335764 3.428452 10.63
1620030810 0 46.335762 3.428438 10.27
1620030810 0 46.335757 3.428426 9.87
1620030810 0 46.335751 3.428415 9.49
1620030810 0 46.335748 3.428401 9.19
1620030810 0 46.335749 3.428387 9.02
1620030810 0 46.335755 3.428376 9.02
1620030810 0 46.335763 3.428369 9.17
1620030810 0 46.335773 3.428368 9.46
1620030810 0 46.335782 3.428374 9.83
1620030810 0 46.335788 3.428385 10.24
1620030810 0 46.335791 3.428398 10.6
1620030810 0 46.335789 3.428412 10.87
1620030810 0 46.335767000000004 3.428426 10.99
1620030810 0 46.335769 3.42844 10.96
1620030810 0 46.335771 3.428454 10.77
1620030810 0 46.335773 3.428468 10.45
1620030810 0 46.335775 3.428481 10.06
1620030810 0 46.335777 3.428495 9.66
1620030810 0 46.335779 3.428509 9.32
1620030810 0 46.335781 3.428523 9.08
1620030810 0 46.335783 3.428537 9.0
1620030810 0 46.335785 3.428551 9.08
1620030810 0 46.335788 3.428565 9.31
1620030810 0 46.33579 3.428579 9.65
1620030810 0 46.335792 3.428593 10.05
1620030810 0 46.335794 3.428607 10.44
1620030810 0 46.335796 3.428621 10.76
1620030810 0 46.335798000000004 3.428635 10.95
1620030810 0 46.3358 3.428649 10.99
1620030810 0 46.335802 3.428663 10.87
1620030810 0 46.335804 3.428677 10.61
1620030810 0 46.335806 3.428691 10.25
1620030810 0 46.335808 3.428705 9.84
1620030810 0 46.335809 3.428719 9.47
1620030810 0 46.335807 3.428733 9.18
1620030810 0 46.335806 3.428747 9.02
1620030810 0 46.33581 3.42876 9.02
1620030810 0 46.335817 3.428769 9.18
1620030810 0 46.335827 3.428772 9.48
1620030810 0 46.335836 3.428769 9.86
1620030810 0 46.335844 3.428761 10.26
1620030810 0 46.335848 3.428748 10.62
1620030810 0 46.335848 3.428734 10.88
1620030810 0 46.335844 3.428721 11.0
1620030810 0 46.335837 3.42871 10.95
1620030810 0 46.335834 3.428697 10.75
1620030810 0 46.335832 3.428683 10.43
1620030810 0 46.33583 3.428669 10.03
1620030810 0 46.335828 3.428655 9.64
1620030810 0 46.335826 3.428642 9.3
1620030810 0 46.335824 3.428628 9.07
1620030810 0 46.335821 3.428614 9.0
1620030810 0 46.335819 3.4286 9.09
1620030810 0 46.335817 3.428586 9.33
1620030810 0 46.335815000000004 3.428572 9.67
1620030810 0 46.335813 3.428558 10.07
1620030810 0 46.335811 3.428544 10.46
1620030810 0 46.335809 3.42853 10.77
1620030810 0 46.335807 3.428516 10.96
1620030810 0 46.335805 3.428502 10.99
1620030810 0 46.335803 3.428488 10.86
1620030810 0 46.335801000000004 3.428474 10.59
1620030810 0 46.335818 3.42846 10.22
1620030810 0 46.335816 3.428446 9.82
1620030810 0 46.335814 3.428432 9.45
1620030810 0 46.335812 3.428418 9.16
1620030810 0 46.335806 3.428407 9.01
1620030810 0 46.335801 3.428395 9.03
1620030810 0 46.335799 3.428381 9.2
1620030810 0 46.335802 3.428368 9.5
1620030810 0 46.335809 3.428358 9.88
1620030810 0 46.335818 3.428353 10.28
1620030810 0 46.335828 3.428355 10.64
1620030810 0 46.335836 3.428362 10.89
1620030810 0 46.335841 3.428375 11.0
1620030810 0 46.335842 3.428389 10.94
1620030810 0 46.335839 3.428402 10.73
1620030810 0 46.335839 3.428416 10.4
1620030810 0 46.335841 3.42843 10.01
1620030810 0 46.335843 3.428444 9.61
1620030810 0 46.335845 3.428458 9.28
1620030810 0 46.335847 3.428472 9.06
1620030810 0 46.335849 3.428486 9.0
1620030810 0 46.335851 3.4285 9.1
1620030810 0 46.335853 3.428514 9.34
1620030810 0 46.335855 3.428528 9.7
1620030810 0 46.335857 3.428542 10.1
1620030810 0 46.335859 3.428556 10.48
1620030810 0 46.335862 3.42857 10.79
1620030810 0 46.335864 3.428584 10.97
1620030810 0 46.335866 3.428598 10.99
1620030810 0 46.335868 3.428612 10.85
1620030810 0 46.33587 3.428626 10.57
1620030810 0 46.335872 3.428639 10.2
1620030810 0 46.335874 3.428653 9.8
1620030810 0 46.335876 3.428667 9.43
1620030810 0 46.335878 3.428681 9.15
1620030810 0 46.33588 3.428695 9.01
1620030810 0 46.335882 3.428709 9.03
1620030810 0 46.335885 3.428723 9.21
1620030810 0 46.335887 3.428737 9.52
1620030810 0 46.335889 3.428751 9.91
1620030810 0 46.335891 3.428765 10.31
1620030810 0 46.335893 3.428779 10.66
1620030810 0 46.335895 3.428793 10.9
1620030810 0 46.335897 3.428807 11.0
1620030810 0 46.335899 3.428821 10.93
1620030810 0 46.335901 3.428835 10.72
1620030810 0 46.335903 3.428849 10.38
1620030810 0 46.335906 3.428863 9.99
1620030810 0 46.335908 3.428877 9.59
1620030810 0 46.33591 3.428891 9.26
1620030810 0 46.335912 3.428905 9.06
1620030810 0 46.335914 3.428919 9.0
1620030810 0 46.335912 3.428933 9.11
1620030810 0 46.33591 3.428946 9.36
1620030810 0 46.335912 3.42896 9.72
1620030810 0 46.335918 3.428972 10.12
1620030810 0 46.335927 3.428978 10.5
1620030810 0 46.335936 3.428978 10.8
1620030810 0 46.335945 3.428971 10.97
1620030810 0 46.335951 3.42896 10.98
1620030810 0 46.335953 3.428946 10.84
1620030810 0 46.33595 3.428933 10.55
1620030810 0 46.335944 3.428922 10.18
1620030810 0 46.335939 3.42891 9.77
1620030810 0 46.335937 3.428896 9.41
1620030810 0 46.335935 3.428882 9.14
1620030810 0 46.335933 3.428868 9.01
1620030810 0 46.335931 3.428854 9.04
1620030810 0 46.335929 3.42884 9.23
1620030810 0 46.335927 3.428826 9.54
1620030810 0 46.335925 3.428812 9.93
1620030810 0 46.335923 3.428798 10.33
1620030810 0 46.33592 3.428784 10.68
1620030810 0 46.335918 3.42877 10.91
1620030810 0 46.335916 3.428756 11.0
1620030810 0 46.335914 3.428742 10.92
1620030810 0 46.335912 3.428728 10.7
1620030810 0 46.33591 3.428714 10.36
1620030810 0 46.335908 3.4287 9.96
1620030810 0 46.335906 3.428687 9.57
1620030810 0 46.335904 3.428673 9.25
1620030810 0 46.335902 3.428659 9.05
1620030810 0 46.335899 3.428645 9.0
1620030810 0 46.335897 3.428631 9.12
1620030810 0 46.335895 3.428617 9.38
1620030810 0 46.335893 3.428603 9.74
1620030810 0 46.335891 3.428589 10.15
1620030810 0 46.335889 3.428575 10.52
1620030810 0 46.335887 3.428561 10.82
1620030810 0 46.335885 3.428547 10.98
1620030810 0 46.335883 3.428533 10.98
1620030810 0 46.335881 3.428519 10.82
1620030810 0 46.335879 3.428505 10.53
1620030810 0 46.335876 3.428491 10.15
1620030810 0 46.335874 3.428477 9.75
1620030810 0 46.335872 3.428463 9.39
1620030810 0 46.33587 3.428449 9.12
1620030810 0 46.335868 3.428435 9.0
1620030810 0 46.335866 3.428421 9.05
1620030810 0 46.335864 3.428407 9.24
1620030810 0 46.335859 3.428395 9.56
1620030810 0 46.335853 3.428384 9.96
1620030810 0 46.33585 3.428371 10.35
1620030810 0 46.335851 3.428357 10.69
1620030810 0 46.335857 3.428345 10.92
1620030810 0 46.335866 3.428338 11.0
1620030810 0 46.335875 3.428337 10.91
1620030810 0 46.335884 3.428343 10.68
1620030810 0 46.335891 3.428354 10.34
1620030810 0 46.335893 3.428368 9.94
1620030810 0 46.335891 3.428382 9.55
1620030810 0 46.335889 3.428395 9.23
1620030810 0 46.335891 3.428409 9.04
1620030810 0 46.335893 3.428423 9.01
1620030810 0 46.335895 3.428437 9.13
1620030810 0 46.335897 3.428451 9.4
1620030810 0 46.335899 3.428465 9.77
1620030810 0 46.335901 3.428479 10.17
1620030810 0 46.335903 3.428493 10.55
1620030810 0 46.335906 3.428507 10.83
1620030810 0 46.335908 3.428521 10.98
1620030810 0 46.33591 3.428535 10.97
1620030810 0 46.335912 3.428549 10.81
1620030810 0 46.335914 3.428563 10.51
1620030810 0 46.335916 3.428577 10.13
1620030810 0 46.335918 3.428591 9.73
1620030810 0 46.33592 3.428605 9.37
1620030810 0 46.335922 3.428618 9.11
1620030810 0 46.335924 3.428632 9.0
1620030810 0 46.335926 3.428646 9.05
1620030810 0 46.335929 3.42866 9.26
1620030810 0 46.335931 3.428674 9.59
1620030810 0 46.335933 3.428688 9.98
1620030810 0 46.335935 3.428702 10.38
1620030810 0 46.335937 3.428716 10.71
1620030810 0 46.335939 3.42873 10.93
1620030810 0 46.335941 3.428744 11.0
1620030810 0 46.335943 3.428758 10.9
1620030810 0 46.335945 3.428772 10.66
1620030810 0 46.335947 3.428786 10.31
1620030810 0 46.335949 3.4288 9.91
1620030810 0 46.335952 3.428814 9.53
1620030810 0 46.335954 3.428828 9.22
1620030810 0 46.335956 3.428842 9.03
1620030810 0 46.335958 3.428856 9.01
1620030810 0 46.33596 3.42887 9.15
1620030810 0 46.335962 3.428884 9.42
1620030810 0 46.335964 3.428898 9.79
1620030810 0 46.335966 3.428912 10.19
1620030810 0 46.335968 3.428926 10.57
1620030810 0 46.33597 3.42894 10.85
1620030810 0 46.335972 3.428954 10.99
1620030810 0 46.335975 3.428968 10.97
1620030810 0 46.335977 3.428982 10.79
1620030810 0 46.335979 3.428996 10.49
1620030810 0 46.335981 3.42901 10.1
1620030810 0 46.335983 3.429023 9.7
1620030810 0 46.335985 3.429037 9.35
1620030810 0 46.335987 3.429051 9.1
1620030810 0 46.335989 3.429065 9.0
1620030810 0 46.335991 3.429079 9.06
1620030810 0 46.335993 3.429093 9.28
1620030810 0 46.335996 3.429107 9.61
1620030810 0 46.335998 3.429121 10.0
1620030810 0 46.335998 3.429135 10.4
1620030810 0 46.335995 3.429149 10.73
1620030810 0 46.335995 3.429163 10.94
1620030810 0 46.336 3.429175 11.0
1620030810 0 46.336008 3.429184 10.89
1620030810 0 46.336017 3.429186 10.64
1620030810 0 46.336027 3.429182 10.29
1620030810 0 46.336034 3.429172 9.89
1620030810 0 46.336037 3.429159 9.5
1620030810 0 46.336036 3.429145 9.2
1620030810 0 46.336031 3.429133 9.03
1620030810 0 46.336025 3.429122 9.01
1620030810 0 46.336022 3.429109 9.16
1620030810 0 46.33602 3.429095 9.44
1620030810 0 46.336018 3.429081 9.81
1620030810 0 46.336016 3.429067 10.22
1620030810 0 46.336014 3.429053 10.59
1620030810 0 46.336012 3.429039 10.86
1620030810 0 46.33601 3.429025 10.99
1620030810 0 46.336008 3.429011 10.96
1620030810 0 46.336006 3.428997 10.78
1620030810 0 46.336004 3.428983 10.47
1620030810 0 46.336001 3.428969 10.08
1620030810 0 46.335999 3.428955 9.68
1620030810 0 46.335997 3.428941 9.33
1620030810 0 46.335995 3.428927 9.09
1620030810 0 46.335993 3.428913 9.0
1620030810 0 46.335991 3.428899 9.07
1620030810 0 46.335989 3.428885 9.29
1620030810 0 46.335987 3.428871 9.63
1620030810 0 46.335985 3.428857 10.03
1620030810 0 46.335983 3.428843 10.42
1620030810 0 46.335981 3.428829 10.75
1620030810 0 46.335978 3.428815 10.95
1620030810 0 46.335976 3.428801 11.0
1620030810 0 46.335974 3.428787 10.88
1620030810 0 46.335972 3.428773 10.63
1620030810 0 46.33597 3.428759 10.27
1620030810 0 46.335968 3.428745 9.86
1620030810 0 46.335966 3.428732 9.48
1620030810 0 46.335964 3.428718 9.19
1620030810 0 46.335962 3.428704 9.02
1620030810 0 46.33596 3.42869 9.02
1620030810 0 46.335958 3.428676 9.17
1620030810 0 46.335955 3.428662 9.46
1620030810 0 46.335953 3.428648 9.84
1620030810 0 46.335951 3.428634 10.24
1620030810 0 46.335949 3.42862 10.61
1620030810 0 46.335947 3.428606 10.87
1620030810 0 46.335945 3.428592 10.99
1620030810 0 46.335943 3.428578 10.96
1620030810 0 46.335941 3.428564 10.76
1620030810 0 46.335939 3.42855 10.44
1620030810 0 46.335937 3.428536 10.05
1620030810 0 46.335935 3.428522 9.66
1620030810 0 46.335932 3.428508 9.31
1620030810 0 46.33593 3.428494 9.08
1620030810 0 46.335928 3.42848 9.0
1620030810 0 46.335926 3.428466 9.08
1620030810 0 46.335924 3.428452 9.31
1620030810 0 46.335922 3.428438 9.65
1620030810 0 46.33592 3.428424 10.05
1620030810 0 46.335918 3.42841 10.44
1620030810 0 46.335916 3.428396 10.76
1620030810 0 46.335912 3.428383 10.96
1620030810 0 46.335906 3.428372 10.99
1620030810 0 46.335902 3.42836 10.87
1620030810 0 46.335901 3.428346 10.61
1620030810 0 46.335906 3.428333 10.24
1620030810 0 46.335913 3.428324 9.84
1620030810 0 46.335923 3.428321 9.46
1620030810 0 46.335932 3.428324 9.17
1620030810 0 46.33594 3.428334 9.02
1620030810 0 46.335944 3.428347 9.02
1620030810 0 46.335943 3.428361 9.19
1620030810 0 46.33594 3.428374 9.48
1620030810 0 46.335941 3.428388 9.86
1620030810 0 46.335943 3.428402 10.26
1620030810 0 46.335945 3.428416 10.62
1620030810 0 46.335947 3.42843 10.88
1620030810 0 46.33595 3.428444 11.0
1620030810 0 46.335952 3.428458 10.95
1620030810 0 46.335954 3.428472 10.75
1620030810 0 46.335956 3.428486 10.42
1620030810 0 46.335958 3.4285 10.03
1620030810 0 46.33596 3.428514 9.63
1620030810 0 46.335962 3.428528 9.3
1620030810 0 46.335964 3.428542 9.07
1620030810 0 46.335966 3.428556 9.0
1620030810 0 46.335968 3.42857 9.09
1620030810 0 46.33597 3.428584 9.33
1620030810 0 46.335973 3.428597 9.68
1620030810 0 46.335975 3.428611 10.08
1620030810 0 46.335977 3.428625 10.46
1620030810 0 46.335979 3.428639 10.78
1620030810 0 46.335981 3.428653 10.96
1620030810 0 46.335983 3.428667 10.99
1620030810 0 46.335985 3.428681 10.86
1620030810 0 46.335987 3.428695 10.59
1620030810 0 46.335989 3.428709 10.22
1620030810 0 46.335991 3.428723 9.82
1620030810 0 46.335993 3.428737 9.44
1620030810 0 46.335996 3.428751 9.16
1620030810 0 46.335998 3.428765 9.01
1620030810 0 46.336 3.428779 9.03
1620030810 0 46.336002 3.428793 9.2
1620030810 0 46.336004 3.428807 9.5
1620030810 0 46.336006 3.428821 9.89
1620030810 0 46.336008 3.428835 10.29
1620030810 0 46.33601 3.428849 10.64
1620030810 0 46.336012 3.428863 10.89
1620030810 0 46.336014 3.428877 11.0
1620030810 0 46.336016 3.428891 10.94
1620030810 0 46.336019 3.428905 10.73
1620030810 0 46.336021 3.428919 10.4
1620030810 0 46.336023 3.428933 10.01
1620030810 0 46.336025 3.428947 9.61
1620030810 0 46.336027 3.428961 9.28
1620030810 0 46.336029 3.428975 9.06
1620030810 0 46.336031 3.428989 9.0
1620030810 0 46.336033 3.429002 9.1
1620030810 0 46.336035 3.429016 9.35
1620030810 0 46.336037 3.42903 9.7
1620030810 0 46.336039 3.429044 10.1
1620030810 0 46.336042 3.429058 10.49
1620030810 0 46.336044 3.429072 10.79
1620030810 0 46.336046 3.429086 10.97
1620030810 0 46.336048 3.4291 10.99
1620030810 0 46.33605 3.429114 10.85
1620030810 0 46.336052 3.429128 10.57
1620030810 0 46.336054 3.429142 10.2
1620030810 0 46.336056 3.429156 9.79
1620030810 0 46.336058 3.42917 9.42
1620030810 0 46.33606 3.429184 9.15
1620030810 0 46.336062 3.429198 9.01
1620030810 0 46.336065 3.429212 9.03
1620030810 0 46.336067 3.429226 9.22
1620030810 0 46.336069 3.42924 9.52
1620030810 0 46.336071 3.429254 9.91
1620030810 0 46.336073 3.429268 10.31
1620030810 0 46.336075 3.429282 10.66
1620030810 0 46.336077 3.429296 10.9
1620030810 0 46.336079 3.42931 11.0
1620030810 0 46.336081 3.429324 10.93
1620030810 0 46.336082 3.429338 10.71
1620030810 0 46.33608 3.429351 10.38
1620030810 0 46.336079 3.429365 9.98
1620030810 0 46.336082 3.429379 9.59
1620030810 0 46.33609 3.429388 9.26
1620030810 0 46.336099 3.429392 9.06
1620030810 0 46.336109 3.42939 9.0
1620030810 0 46.336117 3.429382 9.11
1620030810 0 46.336121 3.429369 9.37
1620030810 0 46.336121 3.429355 9.72
1620030810 0 46.336117 3.429342 10.13
1620030810 0 46.336111 3.429331 10.51
1620030810 0 46.336107 3.429318 10.81
1620030810 0 46.336105 3.429305 10.97
1620030810 0 46.336103 3.429291 10.98
1620030810 0 46.336101 3.429277 10.83
1620030810 0 46.336099 3.429263 10.55
1620030810 0 46.336097 3.429249 10.17
1620030810 0 46.336095 3.429235 9.77
1620030810 0 46.336093 3.429221 9.4
1620030810 0 46.336091 3.429207 9.13
1620030810 0 46.336088 3.429193 9.01
1620030810 0 46.336086 3.429179 9.04
1620030810 0 46.336084 3.429165 9.23
1620030810 0 46.336082 3.429151 9.55
1620030810 0 46.33608 3.429137 9.94
1620030810 0 46.336078 3.429123 10.33
1620030810 0 46.336076 3.429109 10.68
1620030810 0 46.336074 3.429095 10.91
1620030810 0 46.336072 3.429081 11.0
1620030810 0 46.33607 3.429067 10.92
1620030810 0 46.336068 3.429053 10.7
1620030810 0 46.336065 3.429039 10.36
1620030810 0 46.336063 3.429025 9.96
1620030810 0 46.336061 3.429011 9.57
1620030810 0 46.336059 3.428997 9.25
1620030810 0 46.336057 3.428983 9.05
1620030810 0 46.336055 3.42897 9.0
1620030810 0 46.336053 3.428956 9.12
1620030810 0 46.336051 3.428942 9.39
1620030810 0 46.336049 3.428928 9.75
1620030810 0 46.336047 3.428914 10.15
1620030810 0 46.336044 3.4289 10.53
1620030810 0 46.336042 3.428886 10.82
1620030810 0 46.33604 3.428872 10.98
1620030810 0 46.336038 3.428858 10.98
1620030810 0 46.336036 3.428844 10.82
1620030810 0 46.336034 3.42883 10.53
1620030810 0 46.336032 3.428816 10.15
1620030810 0 46.33603 3.428802 9.74
1620030810 0 46.336028 3.428788 9.38
1620030810 0 46.336026 3.428774 9.12
1620030810 0 46.336024 3.42876 9.0
1620030810 0 46.336021 3.428746 9.05
1620030810 0 46.336019 3.428732 9.25
1620030810 0 46.336017 3.428718 9.57
1620030810 0 46.336015 3.428704 9.96
1620030810 0 46.336013 3.42869 10.36
1620030810 0 46.336011 3.428676 10.7
1620030810 0 46.336009 3.428662 10.92
1620030810 0 46.336007 3.428648 11.0
1620030810 0 46.336005 3.428634 10.91
1620030810 0 46.336003 3.42862 10.68
1620030810 0 46.336001 3.428606 10.33
1620030810 0 46.335998 3.428592 9.93
1620030810 0 46.335996 3.428578 9.54
1620030810 0 46.335994 3.428565 9.23
1620030810 0 46.335992 3.428551 9.04
1620030810 0 46.33599 3.428537 9.01
1620030810 0 46.335988 3.428523 9.14
1620030810 0 46.335986 3.428509 9.4
1620030810 0 46.335984 3.428495 9.77
1620030810 0 46.335982 3.428481 10.17
1620030810 0 46.33598 3.428467 10.55
1620030810 0 46.335978 3.428453 10.83
1620030810 0 46.335975 3.428439 10.98
1620030810 0 46.335973 3.428425 10.97
1620030810 0 46.335971 3.428411 10.81
1620030810 0 46.335969 3.428397 10.51
1620030810 0 46.335967 3.428383 10.12
1620030810 0 46.335964 3.428369 9.72
1620030810 0 46.335958 3.428358 9.36
1620030810 0 46.335953 3.428346 9.11
1620030810 0 46.335952 3.428332 9.0
1620030810 0 46.335955 3.428319 9.06
1620030810 0 46.335963 3.428309 9.26
1620030810 0 46.335972 3.428305 9.59
1620030810 0 46.335982 3.428307 9.98
1620030810 0 46.33599 3.428316 10.38
1620030810 0 46.335994 3.428328 10.71
1620030810 0 46.335994 3.428342 10.93
1620030810 0 46.335992 3.428356 11.0
1620030810 0 46.335992 3.42837 10.9
1620030810 0 46.335994 3.428384 10.66
1620030810 0 46.335996 3.428397 10.31
1620030810 0 46.335998 3.428411 9.91
1620030810 0 46.336 3.428425 9.52
1620030810 0 46.336002 3.428439 9.21
1620030810 0 46.336004 3.428453 9.03
1620030810 0 46.336006 3.428467 9.01
1620030810 0 46.336008 3.428481 9.15
1620030810 0 46.336011 3.428495 9.42
1620030810 0 46.336013 3.428509 9.79
1620030810 0 46.336015 3.428523 10.2
1620030810 0 46.336017 3.428537 10.57
1620030810 0 46.336019 3.428551 10.85
1620030810 0 46.336021 3.428565 10.99
1620030810 0 46.336023 3.428579 10.97
1620030810 0 46.336025 3.428593 10.79
1620030810 0 46.336027 3.428607 10.48
1620030810 0 46.336029 3.428621 10.1
1620030810 0 46.336032 3.428635 9.7
1620030810 0 46.336034 3.428649 9.35
1620030810 0 46.336036 3.428663 9.1
1620030810 0 46.336038 3.428677 9.0
1620030810 0 46.33604 3.428691 9.06
1620030810 0 46.336042 3.428705 9.28
1620030810 0 46.336044 3.428719 9.61
1620030810 0 46.336046 3.428733 10.01
1620030810 0 46.336048 3.428747 10.4
1620030810 0 46.33605 3.428761 10.73
1620030810 0 46.336052 3.428775 10.94
1620030810 0 46.336055 3.428788 11.0
1620030810 0 46.336057 3.428802 10.89
1620030810 0 46.336059 3.428816 10.64
1620030810 0 46.336061 3.42883 10.29
1620030810 0 46.336063 3.428844 9.88
1620030810 0 46.336065 3.428858 9.5
1620030810 0 46.336067 3.428872 9.2
1620030810 0 46.336069 3.428886 9.03
1620030810 0 46.336071 3.4289 9.01
1620030810 0 46.336073 3.428914 9.16
1620030810 0 46.336075 3.428928 9.44
1620030810 0 46.336078 3.428942 9.82
1620030810 0 46.33608 3.428956 10.22
1620030810 0 46.336082 3.42897 10.59
1620030810 0 46.336084 3.428984 10.86
1620030810 0 46.336086 3.428998 10.99
1620030810 0 46.336088 3.429012 10.96
1620030810 0 46.33609 3.429026 10.78
1620030810 0 46.336092 3.42904 10.46
1620030810 0 46.336094 3.429054 10.08
1620030810 0 46.336096 3.429068 9.67
1620030810 0 46.336098 3.429082 9.33
1620030810 0 46.336101 3.429096 9.09
1620030810 0 46.336103 3.42911 9.0
1620030810 0 46.336105 3.429124 9.07
1620030810 0 46.336107 3.429138 9.3
1620030810 0 46.336109 3.429152 9.63
1620030810 0 46.336111 3.429166 10.03
1620030810 0 46.336113 3.42918 10.42
1620030810 0 46.336115 3.429193 10.75
1620030810 0 46.336117 3.429207 10.95
1620030810 0 46.336119 3.429221 11.0
1620030810 0 46.336121 3.429235 10.88
1620030810 0 46.336124 3.429249 10.62
1620030810 0 46.336126 3.429263 10.26
1620030810 0 46.336128 3.429277 9.86
1620030810 0 46.33613 3.429291 9.48
1620030810 0 46.336132 3.429305 9.19
1620030810 0 46.336134 3.429319 9.02
1620030810 0 46.336136 3.429333 9.02
1620030810 0 46.336138 3.429347 9.17
1620030810 0 46.33614 3.429361 9.46
1620030810 0 46.336142 3.429375 9.84
1620030810 0 46.336144 3.429389 10.25
1620030810 0 46.336147 3.429403 10.61
1620030810 0 46.336149 3.429417 10.87
1620030810 0 46.336151 3.429431 10.99
1620030810 0 46.336153 3.429445 10.95
1620030810 0 46.336155 3.429459 10.76
1620030810 0 46.336157 3.429473 10.44
1620030810 0 46.336159 3.429487 10.05
1620030810 0 46.336161 3.429501 9.65
1620030810 0 46.336163 3.429515 9.31
1620030810 0 46.336165 3.429529 9.08
1620030810 0 46.336167 3.429543 9.0
1620030810 0 46.336165 3.429556 9.08
1620030810 0 46.336163 3.42957 9.31
1620030810 0 46.336166 3.429584 9.66
1620030810 0 46.336173 3.429594 10.06
1620030810 0 46.336182 3.4296 10.45
1620030810 0 46.336191 3.429598 10.76
1620030810 0 46.3362 3.429591 10.96
1620030810 0 46.336205 3.429579 10.99
1620030810 0 46.336206 3.429565 10.87
1620030810 0 46.336203 3.429552 10.6
1620030810 0 46.336196 3.429541 10.24
1620030810 0 46.336192 3.429528 9.84
1620030810 0 46.33619 3.429515 9.46
1620030810 0 46.336188 3.429501 9.17
1620030810 0 46.336186 3.429487 9.02
1620030810 0 46.336184 3.429473 9.02
1620030810 0 46.336182 3.429459 9.19
1620030810 0 46.33618 3.429445 9.49
1620030810 0 46.336177 3.429431 9.87
1620030810 0 46.336175 3.429417 10.27
1620030810 0 46.336173 3.429403 10.63
1620030810 0 46.336171 3.429389 10.88
1620030810 0 46.336169 3.429375 11.0
1620030810 0 46.336167 3.429361 10.95
1620030810 0 46.336165 3.429347 10.74
1620030810 0 46.336163 3.429333 10.42
1620030810 0 46.336161 3.429319 10.03
1620030810 0 46.336159 3.429305 9.63
1620030810 0 46.336157 3.429291 9.29
1620030810 0 46.336154 3.429277 9.07
1620030810 0 46.336152 3.429263 9.0
1620030810 0 46.33615 3.429249 9.09
1620030810 0 46.336148 3.429235 9.33
1620030810 0 46.336146 3.429221 9.68
1620030810 0 46.336144 3.429208 10.08
1620030810 0 46.336142 3.429194 10.47
1620030810 0 46.33614 3.42918 10.78
1620030810 0 46.336138 3.429166 10.96
1620030810 0 46.336136 3.429152 10.99
1620030810 0 46.336134 3.429138 10.86
1620030810 0 46.336131 3.429124 10.58
1620030810 0 46.336129 3.42911 10.22
1620030810 0 46.336127 3.429096 9.81
1620030810 0 46.336125 3.429082 9.44
1620030810 0 46.336123 3.429068 9.16
1620030810 0 46.336121 3.429054 9.01
1620030810 0 46.336119 3.42904 9.03
1620030810 0 46.336117 3.429026 9.2
1620030810 0 46.336115 3.429012 9.51
1620030810 0 46.336113 3.428998 9.89
1620030810 0 46.336111 3.428984 10.29
1620030810 0 46.336108 3.42897 10.65
1620030810 0 46.336106 3.428956 10.9
1620030810 0 46.336104 3.428942 11.0
1620030810 0 46.336102 3.428928 10.94
1620030810 0 46.3361 3.428914 10.73
1620030810 0 46.336098 3.4289 10.4
1620030810 0 46.336096 3.428886 10.0
1620030810 0 46.336094 3.428872 9.61
1620030810 0 46.336092 3.428858 9.28
1620030810 0 46.33609 3.428844 9.06
1620030810 0 46.336088 3.42883 9.0
1620030810 0 46.336085 3.428816 9.1
1620030810 0 46.336083 3.428803 9.35
1620030810 0 46.336081 3.428789 9.7
1620030810 0 46.336079 3.428775 10.11
1620030810 0 46.336077 3.428761 10.49
1620030810 0 46.336075 3.428747 10.79
1620030810 0 46.336073 3.428733 10.97
1620030810 0 46.336071 3.428719 10.99
1620030810 0 46.336069 3.428705 10.84
1620030810 0 46.336067 3.428691 10.56
1620030810 0 46.336064 3.428677 10.19
1620030810 0 46.336062 3.428663 9.79
1620030810 0 46.33606 3.428649 9.42
1620030810 0 46.336058 3.428635 9.15
1620030810 0 46.336056 3.428621 9.01
1620030810 0 46.336054 3.428607 9.04
1620030810 0 46.336052 3.428593 9.22
1620030810 0 46.33605 3.428579 9.53
1620030810 0 46.336048 3.428565 9.91
1620030810 0 46.336046 3.428551 10.32
1620030810 0 46.336044 3.428537 10.66
1620030810 0 46.336041 3.428523 10.91
1620030810 0 46.336039 3.428509 11.0
1620030810 0 46.336037 3.428495 10.93
1620030810 0 46.336035 3.428481 10.71
1620030810 0 46.336033 3.428467 10.37
1620030810 0 46.336031 3.428453 9.98
1620030810 0 46.336029 3.428439 9.58
1620030810 0 46.336027 3.428425 9.26
1620030810 0 46.336025 3.428411 9.05
1620030810 0 46.336023 3.428398 9.0
1620030810 0 46.336021 3.428384 9.11
1620030810 0 46.336018 3.42837 9.37
1620030810 0 46.336016 3.428356 9.73
1620030810 0 46.336011 3.428344 10.13
1620030810 0 46.336005 3.428333 10.51
1620030810 0 46.336003 3.428319 10.81
1620030810 0 46.336006 3.428305 10.98
1620030810 0 46.336012 3.428295 10.98
1620030810 0 46.336021 3.428289 10.83
1620030810 0 46.336031 3.428291 10.54
1620030810 0 46.336039 3.428298 10.17
1620030810 0 46.336045 3.42831 9.76
1620030810 0 46.336046 3.428324 9.4
1620030810 0 46.336043 3.428337 9.13
1620030810 0 46.336042 3.428351 9.01
1620030810 0 46.336044 3.428365 9.04
1620030810 0 46.336047 3.428379 9.23
1620030810 0 46.336049 3.428393 9.55
1620030810 0 46.336051 3.428407 9.94
1620030810 0 46.336053 3.428421 10.34
1620030810 0 46.336055 3.428435 10.68
1620030810 0 46.336057 3.428449 10.92
1620030810 0 46.336059 3.428463 11.0
1620030810 0 46.336061 3.428477 10.92
1620030810 0 46.336063 3.428491 10.69
1620030810 0 46.336065 3.428505 10.35
1620030810 0 46.336067 3.428519 9.95
1620030810 0 46.33607 3.428533 9.56
1620030810 0 46.336072 3.428547 9.24
1620030810 0 46.336074 3.428561 9.05
1620030810 0 46.336076 3.428575 9.01
1620030810 0 46.336078 3.428588 9.13
1620030810 0 46.33608 3.428602 9.39
1620030810 0 46.336082 3.428616 9.75
1620030810 0 46.336084 3.42863 10.15
1620030810 0 46.336086 3.428644 10.53
1620030810 0 46.336088 3.428658 10.82
1620030810 0 46.336091 3.428672 10.98
1620030810 0 46.336093 3.428686 10.98
1620030810 0 46.336095 3.4287 10.82
1620030810 0 46.336097 3.428714 10.52
1620030810 0 46.336099 3.428728 10.14
1620030810 0 46.336101 3.428742 9.74
1620030810 0 46.336103 3.428756 9.38
1620030810 0 46.336105 3.42877 9.12
1620030810 0 46.336107 3.428784 9.0
1620030810 0 46.336109 3.428798 9.05
1620030810 0 46.336111 3.428812 9.25
1620030810 0 46.336114 3.428826 9.57
1620030810 0 46.336116 3.42884 9.96
1620030810 0 46.336118 3.428854 10.36
1620030810 0 46.33612 3.428868 10.7
1620030810 0 46.336122 3.428882 10.93
1620030810 0 46.336124 3.428896 11.0
1620030810 0 46.336126 3.42891 10.91
1620030810 0 46.336128 3.428924 10.68
1620030810 0 46.33613 3.428938 10.33
1620030810 0 46.336132 3.428952 9.93
1620030810 0 46.336134 3.428966 9.54
1620030810 0 46.336137 3.42898 9.23
1620030810 0 46.336139 3.428993 9.04
1620030810 0 46.336141 3.429007 9.01
1620030810 0 46.336143 3.429021 9.14
1620030810 0 46.336145 3.429035 9.41
1620030810 0 46.336147 3.429049 9.77
1620030810 0 46.336149 3.429063 10.18
1620030810 0 46.336151 3.429077 10.55
1620030810 0 46.336153 3.429091 10.84
1620030810 0 46.336155 3.429105 10.98
1620030810 0 46.336157 3.429119 10.97
1620030810 0 46.33616 3.429133 10.8
1620030810 0 46.336162 3.429147 10.5
1620030810 0 46.336164 3.429161 10.12
1620030810 0 46.336166 3.429175 9.72
1620030810 0 46.336168 3.429189 9.36
1620030810 0 46.33617 3.429203 9.11
1620030810 0 46.336172 3.429217 9.0
1620030810 0 46.336174 3.429231 9.06
1620030810 0 46.336176 3.429245 9.27
1620030810 0 46.336178 3.429259 9.59
1620030810 0 46.33618 3.429273 9.99
1620030810 0 46.336183 3.429287 10.38
1620030810 0 46.336185 3.429301 10.72
1620030810 0 46.336187 3.429315 10.93
1620030810 0 46.336189 3.429329 11.0
1620030810 0 46.336191 3.429343 10.9
1620030810 0 46.336193 3.429357 10.66
1620030810 0 46.336195 3.429371 10.31
1620030810 0 46.336197 3.429385 9.9
1620030810 0 46.336199 3.429398 9.52
1620030810 0 46.336201 3.429412 9.21
1620030810 0 46.336203 3.429426 9.03
1620030810 0 46.336206 3.42944 9.01
1620030810 0 46.336208 3.429454 9.15
1620030810 0 46.33621 3.429468 9.43
1620030810 0 46.336212 3.429482 9.8
1620030810 0 46.336214 3.429496 10.2
1620030810 0 46.336216 3.42951 10.57
1620030810 0 46.336218 3.429524 10.85
1620030810 0 46.33622 3.429538 10.99
1620030810 0 46.336222 3.429552 10.97
1620030810 0 46.336224 3.429566 10.79
1620030810 0 46.336226 3.42958 10.48
1620030810 0 46.336229 3.429594 10.1
1620030810 0 46.336231 3.429608 9.69
1620030810 0 46.336233 3.429622 9.34
1620030810 0 46.336235 3.429636 9.1
1620030810 0 46.336237 3.42965 9.0
1620030810 0 46.336239 3.429664 9.07
1620030810 0 46.336241 3.429678 9.28
1620030810 0 46.336243 3.429692 9.62
1620030810 0 46.336245 3.429706 10.01
1620030810 0 46.336247 3.42972 10.41
1620030810 0 46.336249 3.429734 10.73
1620030810 0 46.336251 3.429748 10.94
1620030810 0 46.33625 3.429761 11.0
1620030810 0 46.336248 3.429775 10.89
1620030810 0 46.33625 3.429789 10.64
1620030810 0 46.336256 3.4298 10.28
1620030810 0 46.336265 3.429806 9.88
1620030810 0 46.336275 3.429805 9.5
1620030810 0 46.336283 3.429798 9.2
1620030810 0 46.336289 3.429787 9.03
1620030810 0 46.33629 3.429773 9.02
1620030810 0 46.336287 3.429759 9.16
1620030810 0 46.336281 3.429748 9.45
1620030810 0 46.336277 3.429736 9.82
1620030810 0 46.336274 3.429722 10.23
1620030810 0 46.336272 3.429708 10.59
1620030810 0 46.33627 3.429694 10.86
1620030810 0 46.336268 3.42968 10.99
1620030810 0 46.336266 3.429666 10.96
1620030810 0 46.336264 3.429652 10.77
1620030810 0 46.336262 3.429638 10.46
1620030810 0 46.33626 3.429625 10.07
1620030810 0 46.336258 3.429611 9.67
1620030810 0 46.336256 3.429597 9.32
1620030810 0 46.336254 3.429583 9.09
1620030810 0 46.336251 3.429569 9.0
1620030810 0 46.336249 3.429555 9.07
1620030810 0 46.336247 3.429541 9.3
1620030810 0 46.336245 3.429527 9.64
1620030810 0 46.336243 3.429513 10.04
1620030810 0 46.336241 3.429499 10.43
1620030810 0 46.336239 3.429485 10.75
1620030810 0 46.336237 3.429471 10.95
1620030810 0 46.336235 3.429457 11.0
1620030810 0 46.336233 3.429443 10.88
1620030810 0 46.336231 3.429429 10.62
1620030810 0 46.336228 3.429415 10.26
1620030810 0 46.336226 3.429401 9.86
1620030810 0 46.336224 3.429387 9.48
1620030810 0 46.336222 3.429373 9.18
1620030810 0 46.33622 3.429359 9.02
1620030810 0 46.336218 3.429345 9.02
1620030810 0 46.336216 3.429331 9.18
1620030810 0 46.336214 3.429317 9.47
1620030810 0 46.336212 3.429303 9.85
1620030810 0 46.33621 3.429289 10.25
1620030810 0 46.336208 3.429275 10.61
1620030810 0 46.336205 3.429261 10.87
1620030810 0 46.336203 3.429247 10.99
1620030810 0 46.336201 3.429233 10.95
1620030810 0 46.336199 3.42922 10.76
1620030810 0 46.336197 3.429206 10.44
1620030810 0 46.336195 3.429192 10.05
1620030810 0 46.336193 3.429178 9.65
1620030810 0 46.336191 3.429164 9.31
1620030810 0 46.336189 3.42915 9.08
1620030810 0 46.336187 3.429136 9.0
1620030810 0 46.336185 3.429122 9.08
1620030810 0 46.336182 3.429108 9.32
1620030810 0 46.33618 3.429094 9.66
1620030810 0 46.336178 3.42908 10.06
1620030810 0 46.336176 3.429066 10.45
1620030810 0 46.336174 3.429052 10.77
1620030810 0 46.336172 3.429038 10.96
1620030810 0 46.33617 3.429024 10.99
1620030810 0 46.336168 3.42901 10.87
1620030810 0 46.336166 3.428996 10.6
1620030810 0 46.336164 3.428982 10.24
1620030810 0 46.336162 3.428968 9.83
1620030810 0 46.336159 3.428954 9.46
1620030810 0 46.336157 3.42894 9.17
1620030810 0 46.336155 3.428926 9.02
1620030810 0 46.336153 3.428912 9.02
1620030810 0 46.336151 3.428898 9.19
1620030810 0 46.336149 3.428884 9.49
1620030810 0 46.336147 3.42887 9.87
1620030810 0 46.336145 3.428856 10.27
1620030810 0 46.336143 3.428842 10.63
1620030810 0 46.336141 3.428828 10.89
1620030810 0 46.336139 3.428815 11.0
1620030810 0 46.336136 3.428801 10.95
1620030810 0 46.336134 3.428787 10.74
1620030810 0 46.336132 3.428773 10.42
1620030810 0 46.33613 3.428759 10.02
1620030810 0 46.336128 3.428745 9.63
1620030810 0 46.336126 3.428731 9.29
1620030810 0 46.336124 3.428717 9.07
1620030810 0 46.336122 3.428703 9.0
1620030810 0 46.33612 3.428689 9.09
1620030810 0 46.336118 3.428675 9.34
1620030810 0 46.336115 3.428661 9.68
1620030810 0 46.336113 3.428647 10.09
1620030810 0 46.336111 3.428633 10.47
1620030810 0 46.336109 3.428619 10.78
1620030810 0 46.336107 3.428605 10.96
1620030810 0 46.336105 3.428591 10.99
1620030810 0 46.336103 3.428577 10.85
1620030810 0 46.336101 3.428563 10.58
1620030810 0 46.336099 3.428549 10.21
1620030810 0 46.336097 3.428535 9.81
1620030810 0 46.336095 3.428521 9.44
1620030810 0 46.336092 3.428507 9.16
1620030810 0 46.33609 3.428493 9.01
1620030810 0 46.336088 3.428479 9.03
1620030810 0 46.336086 3.428465 9.21
1620030810 0 46.336084 3.428451 9.51
1620030810 0 46.336082 3.428437 9.89
1620030810 0 46.33608 3.428423 10.3
1620030810 0 46.336078 3.42841 10.65
1620030810 0 46.336076 3.428396 10.9
1620030810 0 46.336074 3.428382 11.0
1620030810 0 46.336072 3.428368 10.94
1620030810 0 46.336069 3.428354 10.72
1620030810 0 46.336067 3.42834 10.39
1620030810 0 46.336061 3.428329 10.0
1620030810 0 46.336056 3.428317 9.6
1620030810 0 46.336054 3.428303 9.27
1620030810 0 46.336057 3.42829 9.06
1620030810 0 46.336064 3.428279 9.0
1620030810 0 46.336073 3.428275 9.1
1620030810 0 46.336083 3.428276 9.35
1620030810 0 46.336091 3.428284 9.71
1620030810 0 46.336096 3.428296 10.11
1620030810 0 46.336097 3.42831 10.49
1620030810 0 46.336094 3.428324 10.8
1620030810 0 46.336094 3.428338 10.97
1620030810 0 46.336096 3.428352 10.99
1620030810 0 46.336098 3.428366 10.84
1620030810 0 46.3361 3.42838 10.56
1620030810 0 46.336102 3.428394 10.19
1620030810 0 46.336104 3.428408 9.78
1620030810 0 46.336106 3.428421 9.42
1620030810 0 46.336108 3.428435 9.14
1620030810 0 46.336111 3.428449 9.01
1620030810 0 46.336113 3.428463 9.04
1620030810 0 46.336115 3.428477 9.22
1620030810 0 46.336117 3.428491 9.53
1620030810 0 46.336119 3.428505 9.92
1620030810 0 46.336121 3.428519 10.32
1620030810 0 46.336123 3.428533 10.67
1620030810 0 46.336125 3.428547 10.91
1620030810 0 46.336127 3.428561 11.0
1620030810 0 46.336129 3.428575 10.93
1620030810 0 46.336131 3.428589 10.71
1620030810 0 46.336134 3.428603 10.37
1620030810 0 46.336136 3.428617 9.97
1620030810 0 46.336138 3.428631 9.58
1620030810 0 46.33614 3.428645 9.26
1620030810 0 46.336142 3.428659 9.05
1620030810 0 46.336144 3.428673 9.0
1620030810 0 46.336146 3.428687 9.12
1620030810 0 46.336148 3.428701 9.37
1620030810 0 46.33615 3.428715 9.73
1620030810 0 46.336152 3.428729 10.13
1620030810 0 46.336154 3.428743 10.51
1620030810 0 46.336157 3.428757 10.81
1620030810 0 46.336159 3.428771 10.98
1620030810 0 46.336161 3.428785 10.98
1620030810 0 46.336163 3.428799 10.83
1620030810 0 46.336165 3.428813 10.54
1620030810 0 46.336167 3.428826 10.16
1620030810 0 46.336169 3.42884 9.76
1620030810 0 46.336171 3.428854 9.4
1620030810 0 46.336173 3.428868 9.13
1620030810 0 46.336175 3.428882 9.01
1620030810 0 46.336177 3.428896 9.04
1620030810 0 46.33618 3.42891 9.24
1620030810 0 46.336182 3.428924 9.55
1620030810 0 46.336184 3.428938 9.94
1620030810 0 46.336186 3.428952 10.34
1620030810 0 46.336188 3.428966 10.69
1620030810 0 46.33619 3.42898 10.92
1620030810 0 46.336192 3.428994 11.0
1620030810 0 46.336194 3.429008 10.92
1620030810 0 46.336196 3.429022 10.69
1620030810 0 46.336198 3.429036 10.35
1620030810 0 46.3362 3.42905 9.95
1620030810 0 46.336203 3.429064 9.56
1620030810 0 46.336205 3.429078 9.24
1620030810 0 46.336207 3.429092 9.05
1620030810 0 46.336209 3.429106 9.01
1620030810 0 46.336211 3.42912 9.13
1620030810 0 46.336213 3.429134 9.39
1620030810 0 46.336215 3.429148 9.75
1620030810 0 46.336217 3.429162 10.16
1620030810 0 46.336219 3.429176 10.54
1620030810 0 46.336221 3.42919 10.83
1620030810 0 46.336223 3.429204 10.98
1620030810 0 46.336226 3.429217 10.98
1620030810 0 46.336228 3.429231 10.81
1620030810 0 46.33623 3.429245 10.52
1620030810 0 46.336232 3.429259 10.14
1620030810 0 46.336234 3.429273 9.74
1620030810 0 46.336236 3.429287 9.38
1620030810 0 46.336238 3.429301 9.12
1620030810 0 46.33624 3.429315 9.0
1620030810 0 46.336242 3.429329 9.05
1620030810 0 46.336244 3.429343 9.25
1620030810 0 46.336246 3.429357 9.58
1620030810 0 46.336249 3.429371 9.97
1620030810 0 46.336251 3.429385 10.37
1620030810 0 46.336253 3.429399 10.7
1620030810 0 46.336255 3.429413 10.93
1620030810 0 46.336257 3.429427 11.0
1620030810 0 46.336259 3.429441 10.91
1620030810 0 46.336261 3.429455 10.67
1620030810 0 46.336263 3.429469 10.33
1620030810 0 46.336265 3.429483 9.92
1620030810 0 46.336267 3.429497 9.54
1620030810 0 46.33627 3.429511 9.22
1620030810 0 46.336272 3.429525 9.04
1620030810 0 46.336274 3.429539 9.01
1620030810 0 46.336276 3.429553 9.14
1620030810 0 46.336278 3.429567 9.41
1620030810 0 46.33628 3.429581 9.78
1620030810 0 46.336282 3.429595 10.18
1620030810 0 46.336284 3.429609 10.56
1620030810 0 46.336286 3.429622 10.84
1620030810 0 46.336288 3.429636 10.99
1620030810 0 46.33629 3.42965 10.97
1620030810 0 46.336293 3.429664 10.8
1620030810 0 46.336295 3.429678 10.5
1620030810 0 46.336297 3.429692 10.12
1620030810 0 46.336299 3.429706 9.71
1620030810 0 46.336301 3.42972 9.36
1620030810 0 46.336303 3.429734 9.11
1620030810 0 46.336305 3.429748 9.0
1620030810 0 46.336307 3.429762 9.06
1620030810 0 46.336309 3.429776 9.27
1620030810 0 46.336311 3.42979 9.6
1620030810 0 46.336313 3.429804 9.99
1620030810 0 46.336316 3.429818 10.39
1620030810 0 46.336318 3.429832 10.72
1620030810 0 46.33632 3.429846 10.94
1620030810 0 46.336322 3.42986 11.0
1620030810 0 46.336324 3.429874 10.9
1620030810 0 46.336326 3.429888 10.65
1620030810 0 46.336328 3.429902 10.3
1620030810 0 46.33633 3.429916 9.9
1620030810 0 46.336332 3.42993 9.52
1620030810 0 46.336334 3.429944 9.21
1620030810 0 46.336336 3.429958 9.03
1620030810 0 46.336334 3.429971 9.01
1620030810 0 46.336332 3.429985 9.15
1620030810 0 46.336335 3.429999 9.43
1620030810 0 46.336342 3.430009 9.8
1620030810 0 46.336351 3.430014 10.21
1620030810 0 46.336361 3.430012 10.58
1620030810 0 46.336369 3.430004 10.85
1620030810 0 46.336374 3.429992 10.99
1620030810 0 46.336375 3.429977 10.97
1620030810 0 46.336371 3.429965 10.79
1620030810 0 46.336365 3.429954 10.48
1620030810 0 46.336361 3.429941 10.09
1620030810 0 46.336359 3.429927 9.69
1620030810 0 46.336356 3.429913 9.34
1620030810 0 46.336354 3.429899 9.1
1620030810 0 46.336352 3.429885 9.0
1620030810 0 46.33635 3.429871 9.07
1620030810 0 46.336348 3.429857 9.29
1620030810 0 46.336346 3.429843 9.62
1620030810 0 46.336344 3.429829 10.02
1620030810 0 46.336342 3.429816 10.41
1620030810 0 46.33634 3.429802 10.74
1620030810 0 46.336338 3.429788 10.94
1620030810 0 46.336336 3.429774 11.0
1620030810 0 46.336333 3.42976 10.89
1620030810 0 46.336331 3.429746 10.64
1620030810 0 46.336329 3.429732 10.28
1620030810 0 46.336327 3.429718 9.88
1620030810 0 46.336325 3.429704 9.49
1620030810 0 46.336323 3.42969 9.19
1620030810 0 46.336321 3.429676 9.03
1620030810 0 46.336319 3.429662 9.02
1620030810 0 46.336317 3.429648 9.17
1620030810 0 46.336315 3.429634 9.45
1620030810 0 46.336313 3.42962 9.83
1620030810 0 46.33631 3.429606 10.23
1620030810 0 46.336308 3.429592 10.6
1620030810 0 46.336306 3.429578 10.86
1620030810 0 46.336304 3.429564 10.99
1620030810 0 46.336302 3.42955 10.96
1620030810 0 46.3363 3.429536 10.77
1620030810 0 46.336298 3.429522 10.46
1620030810 0 46.336296 3.429508 10.07
1620030810 0 46.336294 3.429494 9.67
1620030810 0 46.336292 3.42948 9.32
1620030810 0 46.33629 3.429466 9.09
1620030810 0 46.336287 3.429452 9.0
1620030810 0 46.336285 3.429438 9.08
1620030810 0 46.336283 3.429424 9.3
1620030810 0 46.336281 3.429411 9.64
1620030810 0 46.336279 3.429397 10.04
1620030810 0 46.336277 3.429383 10.43
1620030810 0 46.336275 3.429369 10.75
1620030810 0 46.336273 3.429355 10.95
1620030810 0 46.336271 3.429341 11.0
1620030810 0 46.336269 3.429327 10.88
1620030810 0 46.336267 3.429313 10.62
1620030810 0 46.336264 3.429299 10.26
1620030810 0 46.336262 3.429285 9.85
1620030810 0 46.33626 3.429271 9.47
1620030810 0 46.336258 3.429257 9.18
1620030810 0 46.336256 3.429243 9.02
1620030810 0 46.336254 3.429229 9.02
1620030810 0 46.336252 3.429215 9.18
1620030810 0 46.33625 3.429201 9.47
1620030810 0 46.336248 3.429187 9.85
1620030810 0 46.336246 3.429173 10.25
1620030810 0 46.336244 3.429159 10.61
1620030810 0 46.336241 3.429145 10.88
1620030810 0 46.336239 3.429131 11.0
1620030810 0 46.336237 3.429117 10.95
1620030810 0 46.336235 3.429103 10.75
1620030810 0 46.336233 3.429089 10.43
1620030810 0 46.336231 3.429075 10.04
1620030810 0 46.336229 3.429061 9.64
1620030810 0 46.336227 3.429047 9.3
1620030810 0 46.336225 3.429033 9.08
1620030810 0 46.336223 3.429019 9.0
1620030810 0 46.336221 3.429006 9.09
1620030810 0 46.336218 3.428992 9.32
1620030810 0 46.336216 3.428978 9.67
1620030810 0 46.336214 3.428964 10.06
1620030810 0 46.336212 3.42895 10.45
1620030810 0 46.33621 3.428936 10.77
1620030810 0 46.336208 3.428922 10.96
1620030810 0 46.336206 3.428908 10.99
1620030810 0 46.336204 3.428894 10.87
1620030810 0 46.336202 3.42888 10.6
1620030810 0 46.3362 3.428866 10.23
1620030810 0 46.336197 3.428852 9.83
1620030810 0 46.336195 3.428838 9.45
1620030810 0 46.336193 3.428824 9.17
1620030810 0 46.336191 3.42881 9.02
1620030810 0 46.336189 3.428796 9.03
1620030810 0 46.336187 3.428782 9.19
1620030810 0 46.336185 3.428768 9.49
1620030810 0 46.336183 3.428754 9.87
1620030810 0 46.336181 3.42874 10.28
1620030810 0 46.336179 3.428726 10.63
1620030810 0 46.336177 3.428712 10.89
1620030810 0 46.336174 3.428698 11.0
1620030810 0 46.336172 3.428684 10.94
1620030810 0 46.33617 3.42867 10.74
1620030810 0 46.336168 3.428656 10.41
1620030810 0 46.336166 3.428642 10.02
1620030810 0 46.336164 3.428628 9.62
1620030810 0 46.336162 3.428615 9.29
1620030810 0 46.33616 3.428601 9.07
1620030810 0 46.336158 3.428587 9.0
1620030810 0 46.336156 3.428573 9.1
1620030810 0 46.336154 3.428559 9.34
1620030810 0 46.336151 3.428545 9.69
1620030810 0 46.336149 3.428531 10.09
1620030810 0 46.336147 3.428517 10.48
1620030810 0 46.336145 3.428503 10.78
1620030810 0 46.336143 3.428489 10.97
1620030810 0 46.336141 3.428475 10.99
1620030810 0 46.336139 3.428461 10.85
1620030810 0 46.336137 3.428447 10.58
1620030810 0 46.336135 3.428433 10.21
1620030810 0 46.336133 3.428419 9.8
1620030810 0 46.336131 3.428405 9.43
1620030810 0 46.336128 3.428391 9.15
1620030810 0 46.336126 3.428377 9.01
1620030810 0 46.336124 3.428363 9.03
1620030810 0 46.336122 3.428349 9.21
1620030810 0 46.33612 3.428335 9.51
1620030810 0 46.336117 3.428322 9.9
1620030810 0 46.336111 3.428311 10.3
1620030810 0 46.336106 3.428299 10.65
1620030810 0 46.336105 3.428285 10.9
1620030810 0 46.336109 3.428271 11.0
1620030810 0 46.336117 3.428262 10.94
1620030810 0 46.336126 3.428259 10.72
1620030810 0 46.336136 3.428261 10.39
1620030810 0 46.336143 3.42827 9.99
1620030810 0 46.336148 3.428283 9.6
1620030810 0 46.336147 3.428297 9.27
1620030810 0 46.336145 3.428311 9.06
1620030810 0 46.336145 3.428325 9.0
1620030810 0 46.336147 3.428338 9.11
1620030810 0 46.336149 3.428352 9.36
1620030810 0 46.336151 3.428366 9.71
1620030810 0 46.336154 3.42838 10.11
1620030810 0 46.336156 3.428394 10.5
1620030810 0 46.336158 3.428408 10.8
1620030810 0 46.33616 3.428422 10.97
1620030810 0 46.336162 3.428436 10.99
1620030810 0 46.336164 3.42845 10.84
1620030810 0 46.336166 3.428464 10.56
1620030810 0 46.336168 3.428478 10.18
1620030810 0 46.33617 3.428492 9.78
1620030810 0 46.336172 3.428506 9.41
1620030810 0 46.336174 3.42852 9.14
1620030810 0 46.336177 3.428534 9.01
1620030810 0 46.336179 3.428548 9.04
1620030810 0 46.336181 3.428562 9.22
1620030810 0 46.336183 3.428576 9.54
1620030810 0 46.336185 3.42859 9.92
1620030810 0 46.336187 3.428604 10.32
1620030810 0 46.336189 3.428618 10.67
1620030810 0 46.336191 3.428632 10.91
1620030810 0 46.336193 3.428645 11.0
1620030810 0 46.336195 3.428659 10.93
1620030810 0 46.336197 3.428673 10.7
1620030810 0 46.3362 3.428687 10.37
1620030810 0 46.336202 3.428701 9.97
1620030810 0 46.336204 3.428715 9.58
1620030810 0 46.336206 3.428729 9.25
1620030810 0 46.336208 3.428743 9.05
1620030810 0 46.33621 3.428757 9.0
1620030810 0 46.336212 3.428771 9.12
1620030810 0 46.336214 3.428785 9.38
1620030810 0 46.336216 3.428799 9.74
1620030810 0 46.336218 3.428813 10.14
1620030810 0 46.33622 3.428827 10.52
1620030810 0 46.336223 3.428841 10.81
1620030810 0 46.336225 3.428855 10.98
1620030810 0 46.336227 3.428869 10.98
1620030810 0 46.336229 3.428883 10.83
1620030810 0 46.336231 3.428897 10.54
1620030810 0 46.336233 3.428911 10.16
1620030810 0 46.336235 3.428925 9.76
1620030810 0 46.336237 3.428939 9.39
1620030810 0 46.336239 3.428953 9.13
1620030810 0 46.336241 3.428967 9.01
1620030810 0 46.336243 3.428981 9.04
1620030810 0 46.336246 3.428995 9.24
1620030810 0 46.336248 3.429009 9.56
1620030810 0 46.33625 3.429023 9.95
1620030810 0 46.336252 3.429037 10.35
1620030810 0 46.336254 3.42905 10.69
1620030810 0 46.336256 3.429064 10.92
1620030810 0 46.336258 3.429078 11.0
1620030810 0 46.33626 3.429092 10.92
1620030810 0 46.336262 3.429106 10.69
1620030810 0 46.336264 3.42912 10.34
1620030810 0 46.336266 3.429134 9.95
1620030810 0 46.336269 3.429148 9.56
1620030810 0 46.336271 3.429162 9.24
1620030810 0 46.336273 3.429176 9.04
1620030810 0 46.336275 3.42919 9.01
1620030810 0 46.336277 3.429204 9.13
1620030810 0 46.336279 3.429218 9.39
1620030810 0 46.336281 3.429232 9.76
1620030810 0 46.336283 3.429246 10.16
1620030810 0 46.336285 3.42926 10.54
1620030810 0 46.336287 3.429274 10.83
1620030810 0 46.33629 3.429288 10.98
1620030810 0 46.336292 3.429302 10.98
1620030810 0 46.336294 3.429316 10.81
1620030810 0 46.336296 3.42933 10.52
1620030810 0 46.336298 3.429344 10.14
1620030810 0 46.3363 3.429358 9.73
1620030810 0 46.336302 3.429372 9.37
1620030810 0 46.336304 3.429386 9.12
1620030810 0 46.336306 3.4294 9.0
1620030810 0 46.336308 3.429414 9.05
1620030810 0 46.33631 3.429428 9.25
1620030810 0 46.336313 3.429442 9.58
1620030810 0 46.336315 3.429455 9.97
1620030810 0 46.336317 3.429469 10.37
1620030810 0 46.336319 3.429483 10.71
1620030810 0 46.336321 3.429497 10.93
1620030810 0 46.336323 3.429511 11.0
1620030810 0 46.336325 3.429525 10.91
1620030810 0 46.336327 3.429539 10.67
1620030810 0 46.336329 3.429553 10.32
1620030810 0 46.336331 3.429567 9.92
1620030810 0 46.336333 3.429581 9.53
1620030810 0 46.336336 3.429595 9.22
1620030810 0 46.336338 3.429609 9.04
1620030810 0 46.33634 3.429623 9.01
1620030810 0 46.336342 3.429637 9.14
1620030810 0 46.336344 3.429651 9.41
1620030810 0 46.336346 3.429665 9.78
1620030810 0 46.336348 3.429679 10.19
1620030810 0 46.33635 3.429693 10.56
1620030810 0 46.336352 3.429707 10.84
1620030810 0 46.336354 3.429721 10.99
1620030810 0 46.336356 3.429735 10.97
1620030810 0 46.336359 3.429749 10.8
1620030810 0 46.336361 3.429763 10.5
1620030810 0 46.336363 3.429777 10.11
1620030810 0 46.336365 3.429791 9.71
1620030810 0 46.336367 3.429805 9.36
1620030810 0 46.336369 3.429819 9.11
1620030810 0 46.336371 3.429833 9.0
1620030810 0 46.336373 3.429847 9.06
1620030810 0 46.336375 3.42986 9.27
1620030810 0 46.336377 3.429874 9.6
1620030810 0 46.336379 3.429888 10.0
1620030810 0 46.336382 3.429902 10.39
1620030810 0 46.336384 3.429916 10.72
1620030810 0 46.336386 3.42993 10.94
1620030810 0 46.336388 3.429944 11.0
1620030810 0 46.33639 3.429958 10.9
1620030810 0 46.336392 3.429972 10.65
1620030810 0 46.336394 3.429986 10.3
1620030810 0 46.336396 3.43 9.9
1620030810 0 46.336398 3.430014 9.51
1620030810 0 46.3364 3.430028 9.21
1620030810 0 46.336402 3.430042 9.03
1620030810 0 46.336405 3.430056 9.01
1620030810 0 46.336407 3.43007 9.15
1620030810 0 46.336409 3.430084 9.43
1620030810 0 46.336411 3.430098 9.81
1620030810 0 46.336413 3.430112 10.21
1620030810 0 46.336415 3.430126 10.58
1620030810 0 46.336417 3.43014 10.85
1620030810 0 46.336419 3.430154 10.99
1620030810 0 46.33642 3.430168 10.97
1620030810 0 46.336417 3.430181 10.78
1620030810 0 46.336417 3.430195 10.47
1620030810 0 46.336421 3.430208 10.09
1620030810 0 46.336429 3.430217 9.69
1620030810 0 46.336438 3.43022 9.34
1620030810 0 46.336448 3.430216 9.1
1620030810 0 46.336455 3.430207 9.0
1620030810 0 46.336459 3.430194 9.07
1620030810 0 46.336458 3.43018 9.29
1620030810 0 46.336454 3.430168 9.62
1620030810 0 46.336447 3.430157 10.02
1620030810 0 46.336444 3.430144 10.41
1620030810 0 46.336442 3.43013 10.74
1620030810 0 46.33644 3.430116 10.95
1620030810 0 46.336438 3.430102 11.0
1620030810 0 46.336436 3.430088 10.89
1620030810 0 46.336434 3.430074 10.63
1620030810 0 46.336432 3.43006 10.27
1620030810 0 46.33643 3.430046 9.87
1620030810 0 46.336428 3.430032 9.49
1620030810 0 46.336426 3.430018 9.19
1620030810 0 46.336423 3.430004 9.03
1620030810 0 46.336421 3.42999 9.02
1620030810 0 46.336419 3.429976 9.17
1620030810 0 46.336417 3.429962 9.45
1620030810 0 46.336415 3.429948 9.83
1620030810 0 46.336413 3.429934 10.23
1620030810 0 46.336411 3.42992 10.6
1620030810 0 46.336409 3.429906 10.87
1620030810 0 46.336407 3.429892 10.99
1620030810 0 46.336405 3.429878 10.96
1620030810 0 46.336403 3.429864 10.77
1620030810 0 46.3364 3.42985 10.45
1620030810 0 46.336398 3.429836 10.06
1620030810 0 46.336396 3.429822 9.66
1620030810 0 46.336394 3.429808 9.32
1620030810 0 46.336392 3.429795 9.09
1620030810 0 46.33639 3.429781 9.0
1620030810 0 46.336388 3.429767 9.08
1620030810 0 46.336386 3.429753 9.31
1620030810 0 46.336384 3.429739 9.65
1620030810 0 46.336382 3.429725 10.04
1620030810 0 46.33638 3.429711 10.44
1620030810 0 46.336377 3.429697 10.76
1620030810 0 46.336375 3.429683 10.95
1620030810 0 46.336373 3.429669 11.0
1620030810 0 46.336371 3.429655 10.88
1620030810 0 46.336369 3.429641 10.61
1620030810 0 46.336367 3.429627 10.25
1620030810 0 46.336365 3.429613 9.85
1620030810 0 46.336363 3.429599 9.47
1620030810 0 46.336361 3.429585 9.18
1620030810 0 46.336359 3.429571 9.02
1620030810 0 46.336357 3.429557 9.02
1620030810 0 46.336354 3.429543 9.18
1620030810 0 46.336352 3.429529 9.48
1620030810 0 46.33635 3.429515 9.85
1620030810 0 46.336348 3.429501 10.26
1620030810 0 46.336346 3.429487 10.62
1620030810 0 46.336344 3.429473 10.88
1620030810 0 46.336342 3.429459 11.0
1620030810 0 46.33634 3.429445 10.95
1620030810 0 46.336338 3.429431 10.75
1620030810 0 46.336336 3.429417 10.43
1620030810 0 46.336334 3.429403 10.04
1620030810 0 46.336331 3.42939 9.64
1620030810 0 46.336329 3.429376 9.3
1620030810 0 46.336327 3.429362 9.08
1620030810 0 46.336325 3.429348 9.0
1620030810 0 46.336323 3.429334 9.09
1620030810 0 46.336321 3.42932 9.32
1620030810 0 46.336319 3.429306 9.67
1620030810 0 46.336317 3.429292 10.07
1620030810 0 46.336315 3.429278 10.46
1620030810 0 46.336313 3.429264 10.77
1620030810 0 46.336311 3.42925 10.96
1620030810 0 46.336308 3.429236 10.99
1620030810 0 46.336306 3.429222 10.86
1620030810 0 46.336304 3.429208 10.59
1620030810 0 46.336302 3.429194 10.23
1620030810 0 46.3363 3.42918 9.82
1620030810 0 46.336298 3.429166 9.45
1620030810 0 46.336296 3.429152 9.16
1620030810 0 46.336294 3.429138 9.02
1620030810 0 46.336292 3.429124 9.03
1620030810 0 46.33629 3.42911 9.2
1620030810 0 46.336287 3.429096 9.5
1620030810 0 46.336285 3.429082 9.88
1620030810 0 46.336283 3.429068 10.28
1620030810 0 46.336281 3.429054 10.64
1620030810 0 46.336279 3.42904 10.89
1620030810 0 46.336277 3.429026 11.0
1620030810 0 46.336275 3.429012 10.94
1620030810 0 46.336273 3.428998 10.74
1620030810 0 46.336271 3.428985 10.41
1620030810 0 46.336269 3.428971 10.01
1620030810 0 46.336267 3.428957 9.62
1620030810 0 46.336264 3.428943 9.28
1620030810 0 46.336262 3.428929 9.07
1620030810 0 46.33626 3.428915 9.0
1620030810 0 46.336258 3.428901 9.1
1620030810 0 46.336256 3.428887 9.34
1620030810 0 46.336254 3.428873 9.69
1620030810 0 46.336252 3.428859 10.09
1620030810 0 46.33625 3.428845 10.48
1620030810 0 46.336248 3.428831 10.79
1620030810 0 46.336246 3.428817 10.97
1620030810 0 46.336244 3.428803 10.99
1620030810 0 46.336241 3.428789 10.85
1620030810 0 46.336239 3.428775 10.57
1620030810 0 46.336237 3.428761 10.2
1620030810 0 46.336235 3.428747 9.8
1620030810 0 46.336233 3.428733 9.43
1620030810 0 46.336231 3.428719 9.15
1620030810 0 46.336229 3.428705 9.01
1620030810 0 46.336227 3.428691 9.03
1620030810 0 46.336225 3.428677 9.21
1620030810 0 46.336223 3.428663 9.52
1620030810 0 46.336221 3.428649 9.9
1620030810 0 46.336218 3.428635 10.3
1620030810 0 46.336216 3.428621 10.66
1620030810 0 46.336214 3.428607 10.9
1620030810 0 46.336212 3.428593 11.0
1620030810 0 46.33621 3.42858 10.94
1620030810 0 46.336208 3.428566 10.72
1620030810 0 46.336206 3.428552 10.39
1620030810 0 46.336204 3.428538 9.99
1620030810 0 46.336202 3.428524 9.6
1620030810 0 46.3362 3.42851 9.27
1620030810 0 46.336198 3.428496 9.06
1620030810 0 46.336195 3.428482 9.0
1620030810 0 46.336193 3.428468 9.11
1620030810 0 46.336191 3.428454 9.36
1620030810 0 46.336189 3.42844 9.72
1620030810 0 46.336187 3.428426 10.12
1620030810 0 46.336185 3.428412 10.5
1620030810 0 46.336183 3.428398 10.8
1620030810 0 46.336181 3.428384 10.97
1620030810 0 46.336179 3.42837 10.99
1620030810 0 46.336177 3.428356 10.84
1620030810 0 46.336175 3.428342 10.55
1620030810 0 46.336172 3.428328 10.18
1620030810 0 46.33617 3.428314 9.78
1620030810 0 46.336166 3.428302 9.41
1620030810 0 46.33616 3.428291 9.14
1620030810 0 46.336156 3.428278 9.01
1620030810 0 46.336157 3.428264 9.04
1620030810 0 46.336162 3.428252 9.23
1620030810 0 46.336171 3.428244 9.54
1620030810 0 46.336181 3.428243 9.93
1620030810 0 46.33619 3.428248 10.33
1620030810 0 46.336196 3.428259 10.67
1620030810 0 46.336199 3.428272 10.91
1620030810 0 46.336197 3.428286 11.0
1620030810 0 46.336195 3.4283 10.93
1620030810 0 46.336197 3.428313 10.7
1620030810 0 46.336199 3.428327 10.36
1620030810 0 46.336201 3.428341 9.97
1620030810 0 46.336203 3.428355 9.57
1620030810 0 46.336205 3.428369 9.25
1620030810 0 46.336207 3.428383 9.05
1620030810 0 46.336209 3.428397 9.0
1620030810 0 46.336212 3.428411 9.12
1620030810 0 46.336214 3.428425 9.38
1620030810 0 46.336216 3.428439 9.74
1620030810 0 46.336218 3.428453 10.14
1620030810 0 46.33622 3.428467 10.52
1620030810 0 46.336222 3.428481 10.82
1620030810 0 46.336224 3.428495 10.98
1620030810 0 46.336226 3.428509 10.98
1620030810 0 46.336228 3.428523 10.82
1620030810 0 46.33623 3.428537 10.53
1620030810 0 46.336232 3.428551 10.16
1620030810 0 46.336235 3.428565 9.75
1620030810 0 46.336237 3.428579 9.39
1620030810 0 46.336239 3.428593 9.13
1620030810 0 46.336241 3.428607 9.01
1620030810 0 46.336243 3.428621 9.05
1620030810 0 46.336245 3.428635 9.24
1620030810 0 46.336247 3.428649 9.56
1620030810 0 46.336249 3.428663 9.95
1620030810 0 46.336251 3.428677 10.35
1620030810 0 46.336253 3.428691 10.69
1620030810 0 46.336255 3.428704 10.92
1620030810 0 46.336258 3.428718 11.0
1620030810 0 46.33626 3.428732 10.92
1620030810 0 46.336262 3.428746 10.68
1620030810 0 46.336264 3.42876 10.34
1620030810 0 46.336266 3.428774 9.94
1620030810 0 46.336268 3.428788 9.55
1620030810 0 46.33627 3.428802 9.23
1620030810 0 46.336272 3.428816 9.04
1620030810 0 46.336274 3.42883 9.01
1620030810 0 46.336276 3.428844 9.13
1620030810 0 46.336279 3.428858 9.4
1620030810 0 46.336281 3.428872 9.76
1620030810 0 46.336283 3.428886 10.17
1620030810 0 46.336285 3.4289 10.54
1620030810 0 46.336287 3.428914 10.83
1620030810 0 46.336289 3.428928 10.98
1620030810 0 46.336291 3.428942 10.98
1620030810 0 46.336293 3.428956 10.81
1620030810 0 46.336295 3.42897 10.51
1620030810 0 46.336297 3.428984 10.13
1620030810 0 46.336299 3.428998 9.73
1620030810 0 46.336302 3.429012 9.37
1620030810 0 46.336304 3.429026 9.12
1620030810 0 46.336306 3.42904 9.0
1620030810 0 46.336308 3.429054 9.05
1620030810 0 46.33631 3.429068 9.26
1620030810 0 46.336312 3.429082 9.58
1620030810 0 46.336314 3.429096 9.98
1620030810 0 46.336316 3.429109 10.37
1620030810 0 46.336318 3.429123 10.71
1620030810 0 46.33632 3.429137 10.93
1620030810 0 46.336322 3.429151 11.0
1620030810 0 46.336325 3.429165 10.91
1620030810 0 46.336327 3.429179 10.67
1620030810 0 46.336329 3.429193 10.32
1620030810 0 46.336331 3.429207 9.92
1620030810 0 46.336333 3.429221 9.53
1620030810 0 46.336335 3.429235 9.22
1620030810 0 46.336337 3.429249 9.04
1620030810 0 46.336339 3.429263 9.01
1620030810 0 46.336341 3.429277 9.14
1620030810 0 46.336343 3.429291 9.42
1620030810 0 46.336345 3.429305 9.79
1620030810 0 46.336348 3.429319 10.19
1620030810 0 46.33635 3.429333 10.56
1620030810 0 46.336352 3.429347 10.84
1620030810 0 46.336354 3.429361 10.99
1620030810 0 46.336356 3.429375 10.97
1620030810 0 46.336358 3.429389 10.8
1620030810 0 46.33636 3.429403 10.49
1620030810 0 46.336362 3.429417 10.11
1620030810 0 46.336364 3.429431 9.71
1620030810 0 46.336366 3.429445 9.35
1620030810 0 46.336368 3.429459 9.1
1620030810 0 46.336371 3.429473 9.0
1620030810 0 46.336373 3.429487 9.06
1620030810 0 46.336375 3.429501 9.27
1620030810 0 46.336377 3.429514 9.6
1620030810 0 46.336379 3.429528 10.0
